Date	DOY	Tmax	Tmin	RHmean	WindSpeed	SolarRad
1/1/1999	1	2.364	-4.954	90.7	1.892	4.2780
1/2/1999	2	2.602	-7.17	93.5	0.539	5.8391
1/3/1999	3	0.857	-8.36	92.4	0.553	5.7571
1/4/1999	4	1.383	-5.706	90.6	0.522	1.9554
1/5/1999	5	4.894	-2.32	91.9	0.533	2.8816
1/6/1999	6	3.866	-0.646	91.2	1.101	1.9305
1/7/1999	7	2.309	-0.361	96.1	2.909	1.9369
1/8/1999	8	1.688	-3.699	96.2	1.148	2.8011
1/9/1999	9	0.685	-1.421	102.5	0.533	0.6321
1/10/1999	10	2.558	-0.608	103.8	0.562	1.3486
1/11/1999	11	4.93	-1.932	95.7	0.721	2.7689
1/12/1999	12	3.181	-3.661	98.3	1.254	1.5440
1/13/1999	13	5.424	-1.287	92.8	0.961	5.0311
1/14/1999	14	6.709	0.422	96.2	1.823	0.8080
1/15/1999	15	4.37	-0.694	86.6	3.365	3.7351
1/16/1999	16	2.973	-0.192	82	4.425	3.2487
1/17/1999	17	2.102	-1.573	89.8	1.798	2.9189
1/18/1999	18	3.652	-1.875	101.4	0.459	2.0975
1/19/1999	19	4.55	-2.027	95.9	0.493	2.9862
1/20/1999	20	2.767	-0.9	101.5	0.746	1.7897
1/21/1999	21	1.696	-0.333	99.1	1.894	1.2221
1/22/1999	22	2.234	-2.036	95.9	1.572	2.7718
1/23/1999	23	0.515	-9.9	100.9	3.027	2.0488
1/24/1999	24	0.215	-15.18	94	0.517	4.4281
1/25/1999	25	-0.09	-9.8	92.8	0.753	8.1141
1/26/1999	26	-3.5	-11.13	98.5	1.924	1.5727
1/27/1999	27	-0.466	-6.783	94.7	0.513	3.7864
1/28/1999	28	2.976	-3.117	71.9	2.105	3.3653
1/29/1999	29	6.681	-3.269	64.62	1.324	8.6277
1/30/1999	30	7.52	-2.281	58.59	0.801	5.3598
1/31/1999	31	4.509	-2.008	66.79	3.081	3.1450
2/1/1999	32	2.095	-2.501	70.3	4.606	5.5235
2/2/1999	33	5.406	-1.744	89.6	5.429	1.4503
2/3/1999	34	2.394	-4.624	71.3	2.315	4.8457
2/4/1999	35	5.377	-3.443	76.1	3.601	7.1376
2/5/1999	36	4.617	-6.561	76.2	1.736	8.1991
2/6/1999	37	5.184	-0.173	90.7	2.14	1.4510
2/7/1999	38	5.493	-0.807	77.2	4.717	5.9081
2/8/1999	39	1.601	-6.539	72.6	2.379	5.3650
2/9/1999	40	-1.328	-6.442	95	1.895	0.8665
2/10/1999	41	-1.864	-10.02	90.9	2.32	4.2714
2/11/1999	42	-0.739	-10.71	77.2	1.399	10.1399
2/12/1999	43	2.063	-6.942	66.2	1.042	6.3268
2/13/1999	44	6.459	-2.622	65.61	0.782	5.1930
2/14/1999	45	2.99	-1.826	96.9	1.482	5.9344
2/15/1999	46	4.571	-1.628	81.5	1.285	9.0568
2/16/1999	47	6.701	-0.655	88.7	0.763	5.5980
2/17/1999	48	3.954	-0.44	86.8	3.434	9.0765
2/18/1999	49	1.874	-2.787	94.1	1.703	3.7293
2/19/1999	50	4.048	-4.178	89.6	4.303	9.6050
2/20/1999	51	5.45	-5.801	75.4	1.784	10.1386
2/21/1999	52	5.423	-4.6	81.3	1.979	5.9024
2/22/1999	53	2.243	-5.753	98	1.292	3.5414
2/23/1999	54	3.152	-0.135	101.3	1.919	3.1926
2/24/1999	55	7.44	1.688	95.4	1.203	2.1609
2/25/1999	56	4.043	0.28	96.8	1.747	3.8397
2/26/1999	57	4.747	-4.169	81.9	2.81	9.5843
2/27/1999	58	1.819	-3.226	98.3	1.692	2.1455
2/28/1999	59	7.87	1.075	93.7	1.137	6.5802
3/1/1999	60	4.522	-3.405	84.9	2.788	10.2179
3/2/1999	61	4.995	-5.147	72.9	2.009	7.7718
3/3/1999	62	5.046	-2.451	74.6	3.834	6.7541
3/4/1999	63	0.195	-2.625	87.9	3.812	8.2569
3/5/1999	64	5.408	-8.81	81.4	1.029	13.0237
3/6/1999	65	5.056	-8.36	69.11	0.96	14.3940
3/7/1999	66	3.318	-8.39	77.4	1.835	15.9891
3/8/1999	67	5.446	-5.667	73.4	1.389	9.2644
3/9/1999	68	3.928	-4.237	84.4	2.074	7.4116
3/10/1999	69	8.4	-7.74	75	0.654	14.0655
3/11/1999	70	6.795	-7	73.8	0.976	13.0591
3/12/1999	71	7.17	-6.084	72.2	0.992	10.9474
3/13/1999	72	11.68	0.618	72.7	1.186	9.4830
3/14/1999	73	14.31	0.043	73.9	1.217	12.7218
3/15/1999	74	11.2	-2.91	77	1.896	15.6383
3/16/1999	75	4.373	-3.987	78.6	4.802	15.4436
3/17/1999	76	7.05	-3.443	66.39	1.667	10.3410
3/18/1999	77	13.45	-0.957	65.59	0.726	10.0013
3/19/1999	78	19.23	-1.131	58.65	0.714	17.9943
3/20/1999	79	22.57	-0.195	46.39	0.96	17.5694
3/21/1999	80	10.12	0.866	80	3.02	8.6544
3/22/1999	81	13.49	-0.835	77.5	1.411	18.1648
3/23/1999	82	14.94	-0.618	73	1.09	15.8964
3/24/1999	83	16.07	0.553	63.9	1.341	9.5312
3/25/1999	84	15.49	2.377	82.1	1.994	10.5099
3/26/1999	85	5.553	-1.089	78.2	5.277	12.2413
3/27/1999	86	3.56	-5.28	77.3	5.096	8.9946
3/28/1999	87	6.129	-5.901	77.8	1.645	8.6381
3/29/1999	88	2.072	-0.712	100.6	1.39	2.1842
3/30/1999	89	3.762	-5.394	95.7	1.301	7.9337
3/31/1999	90	6.098	-5.9	70.9	2.067	14.2797
4/1/1999	91	8.65	-3.187	47.23	2.05	21.4000
4/2/1999	92	9.49	-4.572	42.13	1.755	21.7819
4/3/1999	93	3.809	-2.444	81.7	3.113	13.9643
4/4/1999	94	2.386	-1.166	96.9	1.587	5.2337
4/5/1999	95	6.599	-3.002	78.2	1.116	11.6131
4/6/1999	96	8.29	-4.158	75.7	1.423	13.8780
4/7/1999	97	14.25	-3.976	63.94	1.745	22.1505
4/8/1999	98	6.763	-0.966	93.6	2.133	8.5544
4/9/1999	99	4.339	-4.272	83	3.573	14.0651
4/10/1999	100	7.83	-5.63	65.77	1.877	21.2348
4/11/1999	101	13.96	-4.294	56.89	0.926	23.2067
4/12/1999	102	13.2	-2.817	65.88	2.582	10.8992
4/13/1999	103	10.37	0.563	56.91	4.489	18.8897
4/14/1999	104	11.11	-2.557	32.97	2.245	23.8145
4/15/1999	105	15.93	-4.85	39.47	1.048	24.3402
4/16/1999	106	20.75	-3.224	38.95	1.332	24.5916
4/17/1999	107	21.93	0.302	43.05	1.306	21.8679
4/18/1999	108	21.99	3.559	63.27	1.688	15.4036
4/19/1999	109	14.04	6.656	83.3	2.483	9.9632
4/20/1999	110	9.56	0.186	73	4.139	15.4579
4/21/1999	111	8.99	-3.861	63.61	1.755	14.2301
4/22/1999	112	15.24	1.507	59.64	3.054	19.8771
4/23/1999	113	20	2.519	39.06	3.06	24.9400
4/24/1999	114	23.4	0.939	47.51	1.11	25.2583
4/25/1999	115	19.03	1.525	63.51	2.771	18.9755
4/26/1999	116	10.32	2.599	57.21	3.713	14.4683
4/27/1999	117	10.23	-0.985	52.64	2.301	17.7941
4/28/1999	118	6.211	1.981	74.9	3.558	6.4609
4/29/1999	119	12.1	3.209	61.31	3.588	6.8476
4/30/1999	120	17.67	-1.394	66.53	1.052	23.6000
5/1/1999	121	11.16	1.989	78.8	3.596	6.8693
5/2/1999	122	6.605	2.19	89.9	1.833	9.1721
5/3/1999	123	8.62	2.443	85.2	3.568	15.0239
5/4/1999	124	5.905	-1.864	77.8	4.604	15.4173
5/5/1999	125	11.22	-1.064	61.87	1.666	18.7458
5/6/1999	126	21.42	-0.676	51.81	3.559	26.2512
5/7/1999	127	8.75	-2.815	57.51	4.528	23.6652
5/8/1999	128	7.63	-3.632	66.19	2.898	15.7576
5/9/1999	129	6.817	-3.633	86.4	2.2	15.0087
5/10/1999	130	11.29	-3.91	68.61	1.174	17.1366
5/11/1999	131	16.22	-4.044	64.4	2.009	25.6145
5/12/1999	132	11.94	4.305	69.24	4.488	20.3239
5/13/1999	133	9.6	0.99	62.46	2.734	18.6465
5/14/1999	134	12.23	-1.393	60.94	1.637	17.5010
5/15/1999	135	13.15	-1.811	59.19	3.159	22.3461
5/16/1999	136	16.93	-2.189	54.92	1.167	24.4365
5/17/1999	137	12.77	6.561	78.1	1.23	9.0726
5/18/1999	138	15.53	5.525	77.7	2.048	17.9877
5/19/1999	139	16.92	4.914	60.29	1.943	25.5558
5/20/1999	140	16.33	2.169	77.3	1.183	14.1147
5/21/1999	141	16.57	2.262	62.58	3.019	28.4362
5/22/1999	142	21.14	1.147	55.36	1.358	28.3866
5/23/1999	143	27.3	3.741	50.21	1.236	28.9099
5/24/1999	144	28.14	7.91	52.53	1.416	28.7148
5/25/1999	145	21.24	8.72	46.74	3.867	27.7945
5/26/1999	146	20.77	2.482	44.34	1.533	29.7585
5/27/1999	147	24.37	1.901	48.31	1.49	28.2510
5/28/1999	148	21.64	7.21	38.67	3.03	27.7051
5/29/1999	149	19.97	5.429	35.17	3.451	28.3196
5/30/1999	150	18.87	4.799	56.03	1.956	18.4258
5/31/1999	151	15.96	1.819	85.6	2.29	11.2216
6/1/1999	152	15.01	7.45	61.96	3.226	22.1400
6/2/1999	153	8.3	5.068	96.2	2.297	4.7752
6/3/1999	154	10.11	4.838	97.9	1.308	5.9977
6/4/1999	155	20.32	1.83	73.3	1.554	24.0988
6/5/1999	156	18.22	6.55	65.58	3.956	14.5520
6/6/1999	157	12.81	-0.608	60.4	2.854	22.1142
6/7/1999	158	14.67	-2.16	58.31	1.931	26.4008
6/8/1999	159	8.86	0.09	90.4	1.798	8.1777
6/9/1999	160	16.73	-1.518	72.4	0.947	25.2178
6/10/1999	161	19.07	0.166	60.75	1.366	27.4565
6/11/1999	162	21.02	2.471	51.09	1.42	29.6832
6/12/1999	163	28.04	3.4	46.23	0.888	29.7820
6/13/1999	164	26.64	11.79	56.92	0.742	18.6832
6/14/1999	165	29.56	9.34	61.54	0.581	25.2575
6/15/1999	166	31.97	13.37	45.14	2.554	28.6491
6/16/1999	167	24.67	14.5	64.93	3.286	27.0087
6/17/1999	168	25.05	10.17	51.88	2.277	28.1088
6/18/1999	169	23.33	10.94	54.14	3.071	25.3029
6/19/1999	170	20.03	6.414	60.39	2.464	27.2552
6/20/1999	171	22.02	5.256	69.63	0.967	18.2609
6/21/1999	172	17.08	10.49	88.4	1.798	7.8604
6/22/1999	173	20.16	7.8	66.42	2.869	18.7640
6/23/1999	174	22.01	8.38	65.17	1.99	27.4769
6/24/1999	175	20.91	8.78	77.8	1.928	15.9026
6/25/1999	176	16.63	5.534	77.9	3.677	11.8186
6/26/1999	177	16.23	3.506	73.3	1.556	21.2948
6/27/1999	178	18.62	2.387	64.41	2.5	26.9956
6/28/1999	179	19.22	2.747	71.4	1.281	19.0099
6/29/1999	180	21.39	8.47	68.27	2.448	22.5271
6/30/1999	181	21.36	7.76	68.07	2.092	21.2961
7/1/1999	182	19.37	9.53	57.32	4.496	21.1822
7/2/1999	183	15.05	0.876	59.68	3.242	22.6347
7/3/1999	184	17.18	-0.382	62.67	1.883	28.5880
7/4/1999	185	16.48	4.701	71.3	2.093	14.2674
7/5/1999	186	24.37	2.7	59.91	1.037	30.5499
7/6/1999	187	32.12	4.491	47.58	1.253	30.3742
7/7/1999	188	19.89	6.49	53.32	5.038	23.8776
7/8/1999	189	22.76	3.088	60.45	1.241	29.1778
7/9/1999	190	28.26	5.41	54.16	0.854	29.8513
7/10/1999	191	31.09	7.57	47.21	0.891	29.0260
7/11/1999	192	30.21	9.9	50.91	1.201	28.8808
7/12/1999	193	30.13	7.95	47.31	1.432	29.3574
7/13/1999	194	28.49	7.5	43.63	1.889	29.3616
7/14/1999	195	19.31	8.6	38.14	4.595	29.4288
7/15/1999	196	20.24	5.467	60.5	1.855	22.9364
7/16/1999	197	24.42	10.55	50.21	2.461	26.8022
7/17/1999	198	21.88	6.733	62.11	3.658	23.1087
7/18/1999	199	22.92	3.988	63.35	1.41	27.2974
7/19/1999	200	27.87	5.57	48.7	1.268	28.6029
7/20/1999	201	28.81	11.97	47.36	1.796	24.0439
7/21/1999	202	26.44	9.37	73.5	1.316	22.6235
7/22/1999	203	28.15	7.73	56.08	1.119	28.1801
7/23/1999	204	28.6	7.24	46.64	1.471	28.6051
7/24/1999	205	19.11	9.55	64.7	2.078	10.3125
7/25/1999	206	23.14	6.55	60.77	1.417	27.7976
7/26/1999	207	30.76	6.211	49.22	0.947	28.6230
7/27/1999	208	34.67	10.58	39.85	1.038	27.9834
7/28/1999	209	34.49	10.34	42.48	0.937	27.5788
7/29/1999	210	29.58	11.45	34.16	2.858	27.7596
7/30/1999	211	25.58	9.97	47.74	2.563	27.5720
7/31/1999	212	28.49	6.758	49.62	0.908	27.7614
8/1/1999	213	31.82	7.8	43.23	0.862	24.4608
8/2/1999	214	35.14	13.69	36.67	1.847	25.7393
8/3/1999	215	31.97	17.61	41.51	2.023	15.3584
8/4/1999	216	31.08	15.39	52.92	1.151	23.9253
8/5/1999	217	31.77	14.41	52.55	1.614	23.9564
8/6/1999	218	31.07	17.26	55.44	2.204	21.7096
8/7/1999	219	22.56	9.74	85.2	2.422	11.8234
8/8/1999	220	25.76	6.857	74.9	0.945	23.3481
8/9/1999	221	29.17	8.51	58.49	1.016	24.8553
8/10/1999	222	31.34	9.81	53.45	0.785	22.1860
8/11/1999	223	23.42	12.25	86	0.993	10.9418
8/12/1999	224	24.07	10.86	61.45	1.349	24.5769
8/13/1999	225	17.2	8.22	90.6	1.355	6.7216
8/14/1999	226	19.47	6.587	84.9	0.83	12.9433
8/15/1999	227	20.74	5.075	72.6	1.554	15.8468
8/16/1999	228	26.01	7.49	61.77	1.186	24.4756
8/17/1999	229	31.04	8.54	53.26	1.064	24.2817
8/18/1999	230	34.81	12.92	36.97	1.825	21.4786
8/19/1999	231	30.14	15.62	40.27	1.39	23.7600
8/20/1999	232	33.7	11.33	42.92	1.376	22.9034
8/21/1999	233	25.41	9.21	49.91	3.642	22.9349
8/22/1999	234	28.9	6.353	50.77	0.85	23.8051
8/23/1999	235	34.09	9.22	46.28	0.859	21.5444
8/24/1999	236	32.14	13.15	44.84	1.611	20.7065
8/25/1999	237	28.46	9.88	57.4	2.9	22.3762
8/26/1999	238	30.96	8.85	47.9	0.905	22.9208
8/27/1999	239	34.36	12	43.82	0.785	22.6607
8/28/1999	240	33.27	13.1	52.42	1.098	21.9222
8/29/1999	241	31.54	13.25	54.13	2.304	19.0776
8/30/1999	242	16.53	6.472	76	4.118	15.3588
8/31/1999	243	16.65	1.101	70.4	2.015	16.4119
9/1/1999	244	19.1	0.268	57.74	1.25	18.7533
9/2/1999	245	20.24	-0.524	57.48	1.054	19.7183
9/3/1999	246	21.8	2.101	61.71	0.946	20.9559
9/4/1999	247	22.69	2.094	57.14	0.711	16.3679
9/5/1999	248	26.89	5.598	48.1	2.047	15.6124
9/6/1999	249	17.6	3.467	54.01	3.571	11.8245
9/7/1999	250	20.3	1.356	54.31	1.129	21.4062
9/8/1999	251	25.97	1.39	47.03	0.8	21.4418
9/9/1999	252	26.19	6.075	41.25	1.64	18.6483
9/10/1999	253	21.19	8.61	41.16	3.248	20.7730
9/11/1999	254	21.52	2.668	36.85	1.539	20.9441
9/12/1999	255	24.74	2.251	39.21	0.932	20.2699
9/13/1999	256	27.65	3.464	36.49	0.875	20.0430
9/14/1999	257	29.2	4.844	41.13	0.837	19.7383
9/15/1999	258	28.97	5.933	40.89	0.907	19.3860
9/16/1999	259	28.21	4.873	41.92	1.121	17.4508
9/17/1999	260	27.06	3.711	47.65	0.949	18.8210
9/18/1999	261	26.09	4.262	45.67	1.797	18.5392
9/19/1999	262	26.29	5.183	33.89	1.404	19.1330
9/20/1999	263	27.65	3.854	35.31	0.7	18.5201
9/21/1999	264	30.69	5.73	34.33	0.879	18.1649
9/22/1999	265	30.33	6.363	38.03	0.789	17.7084
9/23/1999	266	28	5.308	51.03	3.083	16.6346
9/24/1999	267	15.39	6.041	61.21	2.007	12.5042
9/25/1999	268	15.1	4.8	45.57	7.76	13.8162
9/26/1999	269	12.46	-0.637	68.08	3.512	9.9181
9/27/1999	270	12.1	-3.282	69.57	1.569	13.2174
9/28/1999	271	15.4	-4.132	54.6	1.061	16.9519
9/29/1999	272	21.77	-0.146	42.08	1.527	14.6882
9/30/1999	273	19.99	0.372	44.84	1.971	14.9924
10/1/1999	274	16.57	-1.034	42.91	1.622	16.0778
10/2/1999	275	14.86	-3.864	45.97	1.371	15.0625
10/3/1999	276	19.99	-3.624	42.02	0.81	15.8539
10/4/1999	277	23.42	0.134	37.37	0.837	15.3484
10/5/1999	278	18.24	5.713	45.32	2.043	11.6002
10/6/1999	279	14.82	1.762	70.2	1.619	8.8344
10/7/1999	280	14	1.468	74.8	1.014	4.6415
10/8/1999	281	17.15	6.847	76.4	3.435	3.4068
10/9/1999	282	11.62	-0.705	84.7	1.926	11.1565
10/10/1999	283	16.1	-2.806	76	0.638	11.8919
10/11/1999	284	14.89	4.019	74	0.911	7.4331
10/12/1999	285	17.28	4.236	67	1.163	7.6380
10/13/1999	286	21.02	3.352	66.23	2.585	10.8716
10/14/1999	287	10.98	-0.103	60.14	2.746	11.3541
10/15/1999	288	8.83	-4.945	57.41	2.559	12.5993
10/16/1999	289	10.55	-6.374	64.08	0.635	12.6654
10/17/1999	290	14.82	-3.884	47.3	0.836	10.4128
10/18/1999	291	15.89	-4.121	56.89	0.69	13.0024
10/19/1999	292	16.43	-3.645	65.51	0.553	12.5502
10/20/1999	293	19.26	-1.689	59.74	0.626	12.5687
10/21/1999	294	21.6	-1.245	54.88	0.578	12.4951
10/22/1999	295	22.93	2.571	48.55	0.819	11.6574
10/23/1999	296	21.74	4.195	41.72	0.913	7.8218
10/24/1999	297	14.23	2.518	68.48	1.779	6.7969
10/25/1999	298	16.47	2.225	70.6	0.877	7.6156
10/26/1999	299	9.04	1.357	100.3	1.628	1.3333
10/27/1999	300	7.37	-1.412	94.6	1.662	6.6699
10/28/1999	301	12.18	4.971	85.8	4.485	3.9969
10/29/1999	302	11.37	3.276	72.3	1.919	6.8449
10/30/1999	303	17.02	2.181	61.78	0.987	9.6586
10/31/1999	304	9.39	-3.204	68.87	4.838	6.7882
11/1/1999	305	9.33	-5.361	67.39	1.386	10.0007
11/2/1999	306	10.87	-3.025	57.76	0.576	9.9755
11/3/1999	307	11.97	-2.891	62.66	1.442	7.2578
11/4/1999	308	9.01	-3.847	66.55	2.545	7.8119
11/5/1999	309	6.486	-5.168	89.4	0.671	2.8105
11/6/1999	310	15.65	4.341	92.4	0.703	5.8270
11/7/1999	311	18.1	2.574	73	0.474	6.4699
11/8/1999	312	12.88	3.211	81.6	1.649	2.4805
11/9/1999	313	10.83	1.913	87.9	0.855	3.1805
11/10/1999	314	10.77	2.149	83.1	0.785	2.1013
11/11/1999	315	11.56	2.509	92.3	0.671	2.3717
11/12/1999	316	21.29	5.081	74.3	1.389	7.1873
11/13/1999	317	19.15	5.486	86.6	0.58	4.7299
11/14/1999	318	18.07	2.14	72.9	0.601	8.6528
11/15/1999	319	11.94	0.714	72	0.542	3.9793
11/16/1999	320	14.93	-0.004	68.82	1.272	4.5205
11/17/1999	321	6.088	2.899	94.2	3.496	1.3388
11/18/1999	322	8.32	-2.549	82.4	1.043	7.5903
11/19/1999	323	7.6	1.602	77.9	1.13	2.1233
11/20/1999	324	6.021	-1.667	84.4	3.561	6.1592
11/21/1999	325	0.12	-4.053	99.7	0.914	0.6464
11/22/1999	326	4.211	-4.387	94.6	0.854	2.3929
11/23/1999	327	2.122	-2.425	87.4	0.947	3.7577
11/24/1999	328	1.196	-0.316	98.8	0.881	1.1808
11/25/1999	329	9.97	0.47	100.3	4.742	0.6752
11/26/1999	330	9.07	-1.212	93	4.089	3.6531
11/27/1999	331	3.598	-2.009	98.6	0.374	2.9678
11/28/1999	332	9.85	-1.328	84	0.863	7.0635
11/29/1999	333	9.48	0.884	76.4	0.885	1.5674
11/30/1999	334	8.82	2.481	93.2	1.774	2.8083
12/1/1999	335	4.246	0.557	97.2	1.479	1.7397
12/2/1999	336	2.517	-1.034	94.2	3.914	0.6475
12/3/1999	337	2.392	-6.348	90	1.176	5.6632
12/4/1999	338	1.746	-6.805	80.8	1.478	6.2664
12/5/1999	339	0.969	-3.461	86.8	0.924	2.1099
12/6/1999	340	2.517	-1.924	97.1	2.335	0.6839
12/7/1999	341	1.821	-2.639	97.5	1.269	1.0089
12/8/1999	342	1.291	-3.032	92.1	1.157	1.7114
12/9/1999	343	0.23	-1.12	101.5	1.145	0.7060
12/10/1999	344	1.375	-1.81	97.8	1.564	0.5985
12/11/1999	345	2.536	-1.185	103.9	0.443	0.1173
12/12/1999	346	3.58	0.319	100.4	1.433	1.3179
12/13/1999	347	0.61	-2.777	86.1	4.343	3.3888
12/14/1999	348	-0.249	-2.787	104.1	1.237	0.7322
12/15/1999	349	0.978	-0.371	105.2	0.4	0.1197
12/16/1999	350	6.282	0.383	101.8	1.276	1.0389
12/17/1999	351	5.652	-2.027	94.5	2.181	2.7647
12/18/1999	352	5.082	0.715	83	7.73	4.2098
12/19/1999	353	1.516	-0.752	91.7	2.39	2.4023
12/20/1999	354	2.545	-0.524	98	1.957	2.5742
12/21/1999	355	2.66	-4.262	99.5	0.945	3.3203
12/22/1999	356	-0.918	-3.46	104.2	0.8	2.4816
12/23/1999	357	-1.456	-3.842	103.3	0.2	2.8527
12/24/1999	358	0.226	-7.86	101.3	0.367	5.6064
12/25/1999	359	-1.801	-5.665	102.5	0.454	2.7259
12/26/1999	360	-3.176	-5.067	101.8	0.525	1.6626
12/27/1999	361	-3.262	-5.424	101.3	0.343	1.6344
12/28/1999	362	-2.407	-5.8	101	0.2	2.5429
12/29/1999	363	-3.366	-5.838	101	0.2	1.9685
12/30/1999	364	-2.7	-7.86	100	0.24	3.9314
12/31/1999	365	-1.698	-5.483	101.8	0.345	0.6769